id,external_id,message_preview,hash,published_at,created_at,source_id,source_name
845689,3373,"TUT/USDT
#1h

موقعیت بسیار جذاب برای لانگ با مدیریت سرمایه میتونید وارد شید💯",6198aed1429aaaaa0a6389d43e230ab5,2026-08-25T18:53:01+00:00,2026-08-25T19:28:28.761445+00:00,452,analysis_cryptoo
